A = [ 9.97534187e-01,   6.80095099e-04,   3.91546975e-03, 3.12146675e-04
      9.70596266e-03,   9.94911792e-01,   1.11785205e-04, 4.93444582e-03
     -2.91147503e-05,  -3.19579518e-02,   9.91673365e-01, -6.76660755e-03
      6.30281498e-01,  -4.54376044e-01,  -7.72083540e-02, 1.01642558e+00]

B = [ -2.84332366e-05,   1.61560551e-06
       5.11901001e-05,  -5.55643745e-08
       9.32594880e-04,   3.36005165e-05
      -1.80720284e-03,   8.76780352e-05]
